Dalla simulazione lunga di 100000 tempi di risposta abbiamo applicato l’algoritmo di ACS per stimare l’autocorrelazione.
L’ACF risulta fortemente positiva per lag piccoli e si mantiene significativamente diversa da zero per molti ritardi.
Abbiamo fissato come soglia c=0.2 e abbiamo individuato il primo lag j0 tale che r(j0)<c, che dai risultati è j0≈383.
Per il metodo delle batch means abbiamo quindi scelto una dimensione di batch B = 400 ≥ j_0, così che le medie di batch possano essere considerate circa indipendenti.
Con N=100000 osservazioni totali si ottengono K=250 batch, valore ampiamente sufficiente per costruire intervalli di confidenza stabili.


for 100000 data points
the mean is ...    21.44
the stdev is ..    14.77

  j (lag)   r[j] (autocorrelation)

  1        0.998
  2        0.995
  3        0.992
  4        0.988
  5        0.984
  6        0.980
  7        0.975
  8        0.971
  9        0.967
 10        0.963
 11        0.958
 12        0.954
 13        0.950
 14        0.945
 15        0.941
 16        0.937
 17        0.933
 18        0.928
 19        0.924
 20        0.920
 21        0.916
 22        0.912
 23        0.908
 24        0.903
 25        0.899
 26        0.895
 27        0.891
 28        0.887
 29        0.883
 30        0.879
 31        0.875
 32        0.872
 33        0.868
 34        0.864
 35        0.860
 36        0.856
 37        0.852
 38        0.848
 39        0.844
 40        0.841
 41        0.837
 42        0.833
 43        0.829
 44        0.826
 45        0.822
 46        0.818
 47        0.814
 48        0.811
 49        0.807
 50        0.803
 51        0.799
 52        0.796
 53        0.792
 54        0.788
 55        0.785
 56        0.781
 57        0.777
 58        0.774
 59        0.770
 60        0.766
 61        0.763
 62        0.759
 63        0.756
 64        0.752
 65        0.749
 66        0.745
 67        0.742
 68        0.738
 69        0.735
 70        0.731
 71        0.728
 72        0.725
 73        0.721
 74        0.718
 75        0.715
 76        0.712
 77        0.709
 78        0.705
 79        0.702
 80        0.699
 81        0.696
 82        0.693
 83        0.690
 84        0.687
 85        0.684
 86        0.680
 87        0.677
 88        0.674
 89        0.671
 90        0.668
 91        0.665
 92        0.662
 93        0.659
 94        0.657
 95        0.654
 96        0.651
 97        0.648
 98        0.645
 99        0.642
100        0.639
101        0.637
102        0.634
103        0.631
104        0.628
105        0.625
106        0.623
107        0.620
108        0.617
109        0.615
110        0.612
111        0.609
112        0.607
113        0.604
114        0.602
115        0.599
116        0.597
117        0.594
118        0.592
119        0.589
120        0.587
121        0.585
122        0.582
123        0.580
124        0.578
125        0.575
126        0.573
127        0.571
128        0.568
129        0.566
130        0.564
131        0.562
132        0.559
133        0.557
134        0.555
135        0.553
136        0.551
137        0.549
138        0.547
139        0.545
140        0.543
141        0.541
142        0.539
143        0.537
144        0.535
145        0.533
146        0.531
147        0.529
148        0.527
149        0.525
150        0.523
151        0.521
152        0.519
153        0.518
154        0.516
155        0.514
156        0.512
157        0.510
158        0.508
159        0.506
160        0.504
161        0.502
162        0.500
163        0.499
164        0.497
165        0.495
166        0.493
167        0.491
168        0.489
169        0.487
170        0.485
171        0.484
172        0.482
173        0.480
174        0.478
175        0.476
176        0.474
177        0.473
178        0.471
179        0.469
180        0.467
181        0.466
182        0.464
183        0.462
184        0.460
185        0.459
186        0.457
187        0.455
188        0.453
189        0.452
190        0.450
191        0.448
192        0.447
193        0.445
194        0.443
195        0.441
196        0.440
197        0.438
198        0.436
199        0.434
200        0.433
201        0.431
202        0.429
203        0.428
204        0.426
205        0.424
206        0.423
207        0.421
208        0.419
209        0.418
210        0.416
211        0.414
212        0.413
213        0.411
214        0.409
215        0.408
216        0.406
217        0.404
218        0.403
219        0.401
220        0.400
221        0.398
222        0.396
223        0.395
224        0.393
225        0.392
226        0.390
227        0.389
228        0.387
229        0.385
230        0.384
231        0.382
232        0.381
233        0.379
234        0.378
235        0.376
236        0.375
237        0.373
238        0.372
239        0.370
240        0.369
241        0.367
242        0.366
243        0.364
244        0.363
245        0.361
246        0.360
247        0.358
248        0.357
249        0.355
250        0.354
251        0.352
252        0.351
253        0.350
254        0.348
255        0.347
256        0.345
257        0.344
258        0.342
259        0.341
260        0.339
261        0.338
262        0.337
263        0.335
264        0.334
265        0.332
266        0.331
267        0.330
268        0.328
269        0.327
270        0.326
271        0.324
272        0.323
273        0.322
274        0.320
275        0.319
276        0.318
277        0.316
278        0.315
279        0.314
280        0.312
281        0.311
282        0.309
283        0.308
284        0.307
285        0.305
286        0.304
287        0.303
288        0.302
289        0.300
290        0.299
291        0.298
292        0.297
293        0.295
294        0.294
295        0.293
296        0.292
297        0.291
298        0.289
299        0.288
300        0.287
301        0.286
302        0.284
303        0.283
304        0.282
305        0.281
306        0.280
307        0.279
308        0.277
309        0.276
310        0.275
311        0.274
312        0.273
313        0.272
314        0.271
315        0.269
316        0.268
317        0.267
318        0.266
319        0.265
320        0.264
321        0.263
322        0.262
323        0.261
324        0.259
325        0.258
326        0.257
327        0.256
328        0.255
329        0.254
330        0.253
331        0.252
332        0.251
333        0.250
334        0.249
335        0.247
336        0.246
337        0.245
338        0.244
339        0.243
340        0.242
341        0.241
342        0.240
343        0.239
344        0.238
345        0.236
346        0.235
347        0.234
348        0.233
349        0.232
350        0.231
351        0.230
352        0.229
353        0.228
354        0.227
355        0.226
356        0.225
357        0.224
358        0.223
359        0.222
360        0.221
361        0.220
362        0.219
363        0.218
364        0.217
365        0.216
366        0.215
367        0.214
368        0.213
369        0.212
370        0.211
371        0.210
372        0.209
373        0.208
374        0.207
375        0.206
376        0.205
377        0.204
378        0.204
379        0.203
380        0.202
381        0.201
382        0.200
383        0.199
384        0.198
385        0.197
386        0.197
387        0.196
388        0.195
389        0.194
390        0.193
391        0.193
392        0.192
393        0.191
394        0.190
395        0.189
396        0.189
397        0.188
398        0.187
399        0.186
400        0.185
401        0.185
402        0.184
403        0.183
404        0.183
405        0.182
406        0.181
407        0.181
408        0.180
409        0.179
410        0.179
411        0.178
412        0.178
413        0.177
414        0.176
415        0.176
416        0.175
417        0.174
418        0.173
419        0.173
420        0.172
421        0.171
422        0.170
423        0.170
424        0.169
425        0.168
426        0.167
427        0.167
428        0.166
429        0.165
430        0.164
431        0.163
432        0.163
433        0.162
434        0.161
435        0.161
436        0.160
437        0.159
438        0.159
439        0.158
440        0.158
441        0.157
442        0.156
443        0.156
444        0.155
445        0.154
446        0.154
447        0.153
448        0.152
449        0.152
450        0.151
451        0.150
452        0.150
453        0.149
454        0.149
455        0.148
456        0.147
457        0.147
458        0.146
459        0.145
460        0.144
461        0.143
462        0.143
463        0.142
464        0.141
465        0.140
466        0.140
467        0.139
468        0.138
469        0.137
470        0.137
471        0.136
472        0.135
473        0.135
474        0.134
475        0.133
476        0.133
477        0.132
478        0.131
479        0.131
480        0.130
481        0.129
482        0.129
483        0.128
484        0.128
485        0.127
486        0.127
487        0.126
488        0.126
489        0.125
490        0.125
491        0.124
492        0.124
493        0.124
494        0.123
495        0.123
496        0.122
497        0.122
498        0.122
499        0.121
500        0.121

